		OarFCB5	T156	T26	BM888	RM188	RT1	T501	RT13	T193
BG_01	1	87	128	344	196	123	260	253	293	180
BG_01	1	89	162	358	208	129	260	277	293	196
BG_02	1	87	140	344	194	123	260	237	329	192
BG_02	1	87	174	358	196	129	260	239	329	204
BG_03	1	83	140	344	196	129	260	239	0	192
BG_03	1	87	144	354	208	129	260	245	329	192
BG_04	1	89	140	344	198	129	260	253	293	196
BG_04	1	89	162	358	208	129	272	277	331	196
BG_05	1	77	128	336	208	129	270	235	299	192
BG_05	1	87	140	344	232	129	270	245	331	192
BG_07	1	89	128	354	208	127	248	235	299	188
BG_07	1	89	144	362	208	127	272	245	331	192
BG_08	1	85	144	362	196	127	260	245	299	188
BG_08	1	89	144	362	208	129	272	245	311	192
CR_01	2	89	140	344	190	125	250	257	307	188
CR_01	2	89	154	344	192	129	260	259	307	208
CR_02	2	83	144	336	174	127	260	241	311	200
CR_02	2	89	158	354	196	133	270	245	311	224
CR_03	2	79	136	354	194	135	256	249	309	200
CR_03	2	87	136	354	238	135	262	261	309	208
CR_04	2	89	128	344	192	129	260	253	305	192
CR_04	2	99	144	358	226	133	266	261	307	204
CR_05	2	87	140	348	194	129	276	255	291	212
CR_05	2	99	158	352	204	131	280	257	299	228
CR_06	2	87	128	324	192	137	276	257	309	200
CR_06	2	99	136	354	194	139	282	261	309	228
CR_07	2	87	128	348	194	131	260	257	309	188
CR_07	2	93	128	354	196	137	276	261	309	192
CR_08	2	87	128	324	194	131	262	249	309	200
CR_08	2	99	136	344	236	131	276	257	309	228
CR_09	2	77	128	354	192	131	260	261	309	184
CR_09	2	87	144	358	196	133	266	261	323	192
CR_11	2	85	128	336	194	131	262	257	297	184
CR_11	2	87	144	354	196	139	266	261	309	192
CR_12	2	85	144	342	194	129	258	243	329	192
CR_12	2	87	174	358	196	139	262	245	329	208
CR_13	2	81	128	344	190	129	260	257	303	188
CR_13	2	93	174	348	194	137	276	259	307	212
CR_17	2	83	128	312	194	127	256	239	297	168
CR_17	2	83	202	338	196	127	260	239	299	188
CR_18	2	83	138	350	240	129	258	263	289	216
CR_18	2	93	154	356	242	137	264	263	311	220
CR_19	2	87	140	312	174	127	266	239	0	180
CR_19	2	93	146	364	220	139	266	259	0	220
CR_20	2	89	180	272	174	129	242	0	0	0
CR_20	2	0	180	0	194	131	260	0	0	0
CR_22	2	75	140	312	192	127	268	241	291	196
CR_22	2	75	154	352	222	135	268	249	291	208
CR_30	2	99	162	344	178	137	276	249	303	188
CR_30	2	101	162	348	186	137	280	273	303	200
CR_31	2	79	140	312	198	127	260	239	307	188
CR_31	2	89	144	312	198	131	264	243	307	208
CR_35	2	81	140	340	0	129	250	235	289	212
CR_35	2	85	214	358	246	129	262	259	289	216
CR_40	2	79	140	312	198	127	260	237	289	172
CR_40	2	87	140	358	198	131	270	239	289	220
CR_45	2	79	128	332	190	127	262	0	0	200
CR_45	2	87	154	348	190	139	276	257	0	208
CR_50	2	89	148	350	202	131	260	257	293	196
CR_50	2	109	178	362	226	131	276	257	303	196
HUN_01	3	79	170	352	194	127	260	235	293	172
HUN_01	3	79	174	352	202	129	270	249	293	212
HUN_02	3	81	154	332	196	125	256	239	301	172
HUN_02	3	81	166	332	230	127	260	259	303	212
HUN_03	3	81	128	342	198	127	256	249	293	208
HUN_03	3	93	144	342	198	137	260	255	297	208
HUN_04	3	79	148	342	194	129	262	239	293	172
HUN_04	3	81	148	358	196	129	280	249	293	176
HUN_05	3	81	144	352	194	129	260	253	301	196
HUN_05	3	81	174	352	230	135	280	257	303	208
HUN_06	3	79	128	354	190	123	256	249	297	172
HUN_06	3	81	174	354	196	123	260	249	297	208
HUN_07	3	81	144	318	204	129	260	259	0	188
HUN_07	3	89	148	332	216	129	260	259	0	216
HUN_08	3	79	148	332	216	127	260	237	0	176
HUN_08	3	79	154	358	230	129	260	253	0	188
HUN_09	3	79	144	328	194	123	260	255	301	208
HUN_09	3	89	174	352	198	129	262	257	303	208
HUN_10	3	79	140	332	196	127	260	241	293	196
HUN_10	3	89	170	358	198	137	260	261	293	204
HUN_11	3	81	128	342	194	119	256	249	293	200
HUN_11	3	85	136	342	198	129	256	255	297	208
HUN_13	3	79	136	344	194	127	262	239	297	172
HUN_13	3	87	136	344	198	129	262	249	301	200
HUN_14	3	87	148	344	174	127	260	255	301	208
HUN_14	3	89	154	344	174	129	270	255	301	220
HUN_15	3	79	154	342	198	123	256	235	297	172
HUN_15	3	81	154	342	198	129	260	241	301	180
HUN_16	3	85	148	332	194	123	260	257	303	180
HUN_16	3	89	174	358	230	129	260	263	311	208
HUN_17	3	81	136	344	174	129	260	249	293	180
HUN_17	3	87	0	358	194	129	262	253	303	212
HUN_18	3	87	128	328	190	123	260	241	297	172
HUN_18	3	93	174	328	190	123	260	255	315	172
HUN_19	3	81	128	342	194	127	260	245	301	176
HUN_19	3	81	144	358	196	139	280	253	301	212
HUN_20	3	81	0	332	174	129	260	243	303	208
HUN_20	3	81	174	352	198	139	280	253	307	208
HUN_21	3	81	140	344	194	127	260	245	0	176
HUN_21	3	93	148	358	230	127	270	253	0	204
HUN_22	3	81	154	324	190	123	260	241	297	208
HUN_22	3	87	174	324	198	137	260	263	297	208
HUN_23	3	87	148	352	198	137	256	241	297	200
HUN_23	3	99	154	352	198	137	262	255	311	208
HUN_24	3	81	154	362	190	125	256	241	297	172
HUN_24	3	87	154	324	194	137	260	255	297	208
HUN_25	3	81	170	332	208	129	260	235	293	172
HUN_25	3	95	170	332	230	129	276	253	293	212
HUN_26	3	79	128	358	190	127	260	259	293	180
HUN_26	3	79	136	358	198	127	260	259	293	212
HUN_27	3	81	128	354	190	123	256	235	293	172
HUN_27	3	87	154	354	198	125	262	249	297	208
HUN_28	3	87	0	342	194	123	260	253	297	172
HUN_28	3	93	170	362	194	129	262	255	303	208
HUN_29	3	77	136	348	194	129	260	253	301	188
HUN_29	3	81	0	354	204	129	280	261	311	212
HUN_30	3	81	0	344	198	129	260	253	301	172
HUN_30	3	89	174	358	198	139	262	275	303	180
HUN_31	3	85	144	344	190	129	256	253	293	172
HUN_31	3	95	0	358	194	129	260	255	293	208
HUN_32	3	81	0	324	174	123	260	237	293	208
HUN_32	3	87	148	358	192	127	260	245	301	224
HUN_33	3	79	128	332	196	123	260	249	0	172
HUN_33	3	81	148	342	230	137	270	253	0	232
HUN_34	3	81	174	342	190	123	260	253	297	188
HUN_34	3	87	174	342	192	129	262	255	301	204
HUN_35	3	77	0	332	190	135	260	239	303	188
HUN_35	3	95	174	352	194	137	260	261	303	196
HUN_36	3	79	144	344	194	119	260	239	303	180
HUN_36	3	81	174	352	194	129	260	253	303	200
HUN_37	3	81	154	352	174	129	256	241	297	208
HUN_37	3	87	174	352	190	137	260	253	297	224
HUN_38	3	81	154	352	190	119	260	257	303	208
HUN_38	3	87	174	352	198	129	262	259	311	220
HUN_39	3	87	136	344	190	123	260	253	301	180
HUN_39	3	91	148	358	194	129	260	253	301	188
JELBIL01	4	79	128	352	192	0	262	243	303	168
JELBIL01	4	79	178	358	194	139	276	271	303	196
JELBIL02	4	87	154	340	192	0	262	245	301	192
JELBIL02	4	93	162	358	194	137	276	259	301	192
JELBIL03	4	79	128	358	174	129	262	235	303	192
JELBIL03	4	83	178	358	196	137	276	237	311	192
JELBIL04	4	79	160	352	194	0	260	237	301	168
JELBIL04	4	87	178	358	238	139	260	265	303	204
JELBIL05	4	79	128	352	174	137	276	235	303	192
JELBIL05	4	93	178	358	192	137	276	265	303	192
JELBIL06	4	79	0	0	194	0	260	0	0	0
JELBIL06	4	93	0	0	238	131	262	0	0	0
JELBIL07	4	79	144	340	194	137	262	237	299	192
JELBIL07	4	93	162	358	194	137	262	245	299	192
JELBIL08	4	79	152	340	192	139	262	245	303	168
JELBIL08	4	79	160	358	238	139	276	259	303	196
JELBIL09	4	79	128	358	192	129	260	235	303	192
JELBIL09	4	83	178	358	196	139	262	237	311	192
JELBIL10	4	0	148	0	194	131	260	0	0	192
JELBIL10	4	93	178	0	194	137	0	0	0	204
JELBIL11	4	93	144	0	192	0	260	0	299	0
JELBIL11	4	93	0	0	194	0	262	0	299	0
JELBIL12	4	79	136	340	194	135	260	0	303	168
JELBIL12	4	87	178	352	194	139	262	0	303	200
JELBIL13	4	79	160	340	192	131	260	245	301	168
JELBIL13	4	79	178	358	238	137	276	0	301	192
JELBIL14	4	79	152	352	192	131	262	245	303	192
JELBIL14	4	79	160	358	194	137	262	259	303	204
JELBIL15	4	79	152	0	194	131	262	0	293	204
JELBIL15	4	93	160	0	196	137	276	0	301	220
JELBIL16	4	79	178	340	194	0	262	0	303	168
JELBIL16	4	79	178	358	196	131	276	0	303	192
JELBIL17	4	79	128	340	194	127	260	243	299	168
JELBIL17	4	99	178	352	196	131	276	243	303	220
JELBIL18	4	79	152	352	194	137	260	237	303	192
JELBIL18	4	87	160	358	194	139	276	259	307	204
JELBIL19	4	87	136	352	194	131	260	243	293	200
JELBIL19	4	93	178	358	194	137	280	245	307	204
JELBIL20	4	93	152	340	192	137	260	243	303	168
JELBIL20	4	93	178	340	194	139	262	245	303	192
JELBIL21	4	79	136	352	194	0	260	0	293	184
JELBIL21	4	93	0	352	194	135	276	0	293	192
JELBIL22	4	79	144	340	0	131	260	237	301	168
JELBIL22	4	93	160	358	238	137	260	265	307	204
JELBIL23	4	87	128	352	194	131	260	243	301	168
JELBIL23	4	87	178	358	194	137	276	245	301	196
JELBIL24	4	79	152	352	192	139	262	235	301	168
JELBIL24	4	93	160	358	194	139	276	237	303	204
JELBIL25	4	87	128	340	194	131	260	245	303	192
JELBIL25	4	93	178	358	194	137	262	259	307	192
JELBIL26	4	93	152	352	192	131	262	243	301	168
JELBIL26	4	93	160	358	194	137	276	245	301	192
JELBIL27	4	79	128	178	192	129	260	235	303	192
JELBIL27	4	83	178	358	196	137	262	237	311	192
JELBIL28	4	79	152	340	192	131	262	243	303	168
JELBIL28	4	79	160	358	194	137	276	271	303	192
JELBIL29	4	87	136	340	192	137	262	243	293	192
JELBIL29	4	93	178	358	194	139	276	245	307	192
JELBIL30	4	79	128	340	194	137	260	237	301	168
JELBIL30	4	87	178	352	238	139	262	265	303	200
JELBIL31	4	87	152	352	194	131	262	243	293	200
JELBIL31	4	93	160	358	194	137	276	243	307	204
JELBIL40	5	79	144	340	194	137	260	237	301	168
JELBIL40	5	93	162	358	238	137	276	241	303	204
JELBIL41	5	83	178	358	194	137	260	241	293	192
JELBIL41	5	87	178	358	196	139	260	249	293	204
NZ_01	6	89	140	344	226	129	260	239	309	188
NZ_01	6	89	144	354	240	129	260	245	309	208
NZ_02	6	83	140	344	194	123	260	245	293	188
NZ_02	6	89	210	358	196	129	282	245	297	212
NZ_03	6	85	128	336	194	127	260	235	309	192
NZ_03	6	97	144	354	208	129	282	245	329	192
NZ_04	6	85	140	354	190	123	260	245	305	192
NZ_04	6	89	144	358	240	129	260	245	329	208
NZ_05	6	85	124	344	204	123	260	245	315	192
NZ_05	6	93	144	358	226	131	284	245	315	196
NZ_06	6	89	140	344	208	127	260	245	329	188
NZ_06	6	89	144	344	208	139	282	245	329	192
NZ_07	6	89	144	348	174	129	272	235	297	188
NZ_07	6	97	144	354	174	139	282	239	329	192
NZ_08	6	85	144	336	192	127	260	235	293	196
NZ_08	6	89	162	352	208	129	260	239	0	212
NZ_09	6	87	140	354	204	127	258	245	303	192
NZ_09	6	93	144	354	204	129	258	253	303	204
NZ_10	6	85	140	336	208	127	260	245	329	188
NZ_10	6	85	154	358	226	129	282	245	329	192
NZ_11	6	85	144	336	190	129	258	239	305	192
NZ_11	6	89	210	362	208	139	260	245	305	212
NZ_12	6	85	128	358	208	129	260	239	297	188
NZ_12	6	89	144	358	208	135	260	245	297	188
NZ_13	6	85	144	344	190	123	260	239	305	188
NZ_13	6	93	154	354	194	139	260	245	329	192
NZ_14	6	89	140	336	194	127	260	239	293	192
NZ_14	6	97	140	358	196	139	282	245	329	192
NZ_15	6	87	144	354	192	127	258	235	297	188
NZ_15	6	89	210	358	194	129	260	245	329	192
NZ_16	6	89	144	336	240	129	260	245	297	188
NZ_16	6	93	144	336	240	129	260	245	329	212
NZ_17	6	85	140	354	174	129	260	235	307	192
NZ_17	6	89	144	354	196	129	260	245	307	192
NZ_18	6	89	140	336	208	123	260	245	293	188
NZ_18	6	97	210	344	208	127	282	245	309	192
NZ_19	6	85	144	354	208	127	260	245	293	192
NZ_19	6	93	210	358	208	129	282	245	297	192
NZ_20	6	89	144	336	174	123	258	235	293	188
NZ_20	6	93	144	348	226	139	260	239	293	192
NZ_21	6	89	144	344	190	127	260	239	293	188
NZ_21	6	89	144	358	208	135	282	245	329	192
NZ_23	6	85	140	336	190	127	268	239	329	188
NZ_23	6	97	144	354	208	135	282	239	329	192
NZ_24	6	85	140	354	192	127	260	235	329	188
NZ_24	6	87	144	354	208	129	272	239	329	204
NZ_25	6	85	154	348	202	123	260	239	303	172
NZ_25	6	85	154	362	226	129	260	239	305	192
NZ_26	6	87	144	332	204	127	260	239	329	180
NZ_26	6	89	210	336	240	129	260	239	329	196
NZ_27	6	85	144	362	196	123	258	239	329	172
NZ_27	6	89	144	362	196	139	260	245	329	192
NZ_28	6	89	128	354	174	123	258	235	309	188
NZ_28	6	97	144	362	204	129	258	253	329	192
NZ_29	6	85	144	354	190	127	260	235	329	192
NZ_29	6	85	144	354	194	135	260	239	329	192
NZ_30	6	85	128	336	208	129	258	239	305	208
NZ_30	6	89	140	358	226	139	260	245	315	212
NZ_31	6	89	144	358	190	129	260	239	297	188
NZ_31	6	97	210	358	226	129	282	245	329	192
NZ_32	6	89	128	336	194	127	260	235	309	188
NZ_32	6	97	144	354	208	129	282	245	329	192
NZ_33	6	85	140	336	190	129	282	245	297	192
NZ_33	6	89	154	362	190	139	282	245	297	192
NZ_34	6	89	140	336	226	127	260	239	297	192
NZ_34	6	93	144	336	226	129	260	245	329	212
NZ_35	6	85	144	358	208	123	260	245	329	192
NZ_35	6	85	144	358	240	129	282	245	329	192
NZ_36	6	97	144	344	190	129	260	245	309	192
NZ_36	6	97	210	354	208	139	282	245	329	192
NZ_37	6	85	140	354	190	123	260	235	303	188
NZ_37	6	89	154	358	194	127	260	239	305	192
NZ_38	6	85	140	344	174	129	248	239	329	192
NZ_38	6	97	210	362	240	135	260	245	329	192
NZ_39	6	85	140	358	190	123	260	245	297	188
NZ_39	6	93	144	358	208	123	282	245	297	212
NZ_40	6	85	0	344	194	127	260	235	293	192
NZ_40	6	89	144	358	226	131	282	245	293	192
NZ_41	6	83	140	344	208	135	268	239	329	196
NZ_41	6	85	144	344	190	123	260	239	329	208
NZ_42	6	85	144	336	174	127	258	245	329	188
NZ_42	6	89	210	344	208	129	282	245	329	208
NZ_43	6	85	140	354	190	129	260	239	305	192
NZ_43	6	85	144	336	174	127	258	245	329	192
NZ_44	6	85	140	348	174	129	260	239	305	192
NZ_44	6	85	154	348	202	129	260	239	329	192
NZ_45	6	97	140	336	190	123	282	239	315	188
NZ_45	6	85	140	348	174	129	260	239	305	192
NZ_46	6	83	136	354	226	127	260	237	297	184
NZ_46	6	85	140	362	240	129	260	257	305	192
NZ_47	6	85	140	354	174	123	260	239	307	192
NZ_47	6	83	136	354	226	127	260	237	297	196
NZ_48	6	85	144	344	190	123	260	239	329	192
NZ_48	6	89	154	358	194	129	260	239	329	192
NZ_49	6	85	154	344	190	129	282	239	293	192
NZ_49	6	93	154	344	194	129	282	245	307	196
